6.532663316582915103e-01 9.101140271341922050e-01
3.567839195979899625e+00 4.489413668343078534e-01
2.437185929648241434e+00 9.209147220392046584e-01
2.814070351758794164e+00 8.129010302478952843e-01
3.894472361809045324e+00 2.585810107802662405e-01
4.296482412060301570e+00 7.621184430367720919e-02
2.261306532663316826e+00 9.427824520624158433e-01
2.889447236180904710e+00 7.813666312983161832e-01
1.180904522613065444e+00 9.807081445097153294e-01
2.512562814070351883e-02 6.839893649009700649e-01
2.537688442211055495e+00 8.973609614289269620e-01
4.874371859296482867e+00 1.777492811469773976e-02
2.160804020100502765e+00 9.630482363187473638e-01
3.643216080402010171e+00 3.857092263276605815e-01
2.788944723618090649e+00 8.056607629571859164e-01
3.819095477386934778e+00 2.935208468360570033e-01
5.527638190954774489e-01 8.840609147419549174e-01
3.015075376884422398e-01 7.992962136432877340e-01
3.216080402010050410e+00 6.406920771526658509e-01
1.532663316582914659e+00 9.971492412886514556e-01
3.768844221105527859e-01 8.201079571371223675e-01
1.934673366834170904e+00 9.802556148177384854e-01
9.296482412060301792e-01 9.583113882460982946e-01
1.381909547738693567e+00 9.855065157498192896e-01
3.366834170854271502e+00 5.417026270984826031e-01
4.924623115577889898e+00 1.695685704562646320e-02
1.482412060301507628e+00 9.876923149637917287e-01
2.763819095477387244e-01 7.845788157733524226e-01
4.899497487437185939e+00 2.618011776856260173e-02
4.597989949748743754e+00 1.430237019224174337e-02
8.291457286432161178e-01 9.262118914269253933e-01
6.030150753768844796e-01 8.838380096259673691e-01
2.010050251256281673e+00 9.762903403152233262e-01
1.331658291457286536e+00 9.751486814476701959e-01
1.005025125628140836e+00 9.492526339707484384e-01
4.824120603015075837e+00 2.957848305276224513e-02
3.065326633165829318e+00 7.007535674392391112e-01
6.281407035175879949e-01 9.061224950664980016e-01
2.613065326633166041e+00 8.551472590260157380e-01
7.537688442211055995e-02 6.888800154970513567e-01
1.834170854271356843e+00 9.916473762455978447e-01
2.512562814070351980e+00 9.066408158393031158e-01
4.974874371859296929e+00 4.083721838400757725e-02
1.206030150753768959e+00 9.889329094608211301e-01
1.783919597989949812e+00 9.803967409536857858e-01
4.422110552763819591e+00 5.161360646959043535e-02
3.165829145728643379e+00 6.634357557833241437e-01
1.155778894472361928e+00 9.785181316892181957e-01
2.110552763819095734e+00 9.817537037905399444e-01
3.140703517587939864e+00 6.679670561351139790e-01
3.844221105527638294e+00 2.750057546418405163e-01
3.442211055276382048e+00 5.028945971186610242e-01
6.783919597989950256e-01 9.173909152884308638e-01
2.010050251256281506e-01 7.535213529789803744e-01
3.542713567839196109e+00 4.375126158335144178e-01
1.005025125628140753e-01 7.155319291079013100e-01
4.497487437185929693e+00 2.549878932139808610e-02
3.592964824120603140e+00 4.254097063005559121e-01
4.723618090452261775e+00 6.866649334630590441e-03
1.507537688442211199e-01 7.382520269755840081e-01
3.944723618090452355e+00 2.238397799386482034e-01
5.025125628140703765e-02 6.884581818664051722e-01
4.849246231155778908e+00 1.354247070838576414e-02
4.949748743718592969e+00 4.309319580478107592e-02
4.648241206030150785e+00 1.227778543683064397e-02
4.773869346733668806e+00 1.430371689334293366e-02
2.060301507537688703e+00 9.562935680181741116e-01
5.000000000000000000e+00 4.810641124171713412e-02
2.839195979899497679e+00 7.809244252036726675e-01
3.718592964824120717e+00 3.483053096492867429e-01
9.045226130653266639e-01 9.449923610561554721e-01
7.537688442211055717e-01 9.268583260423326475e-01
3.618090452261306655e+00 4.037722317868994715e-01
3.994974874371859386e+00 2.006053011214289361e-01
1.105527638190954898e+00 9.746816471540171722e-01
5.025125628140704181e-01 8.556042048019085744e-01
2.386934673366834403e+00 9.048998961184107070e-01
3.417085427135678533e+00 5.038294787038354317e-01
3.919597989949748840e+00 2.377576889231253210e-01
3.768844221105527748e+00 3.109219255725869657e-01
1.055276381909547867e+00 9.609385919019443056e-01
5.778894472361809642e-01 8.822055393295222814e-01
1.407035175879397082e+00 9.958672032184076039e-01
2.185929648241206280e+00 9.488365253236056285e-01
2.236180904522613311e+00 9.498259003367517384e-01
4.623115577889447714e+00 5.152516236251908875e-03
1.030150753768844352e+00 9.696535901296486903e-01
1.809045226130653328e+00 9.877706018378766828e-01
4.271356783919598166e-01 8.396045856537150964e-01
3.090452261306532833e+00 6.894070969655669012e-01
4.522613065326633319e-01 8.440036813811870875e-01
3.266331658291457440e+00 6.069737256061051855e-01
9.798994974874372099e-01 9.535734293577765586e-01
2.989949748743718771e+00 7.292610236116414679e-01
8.542713567839196331e-01 9.398512461196498746e-01
2.211055276381909795e+00 9.594893380961191376e-01
2.688442211055276587e+00 8.370922216797908044e-01
2.763819095477387133e+00 8.207610224001199439e-01
3.793969849246231263e+00 3.008786903658159928e-01
7.035175879396985410e-01 8.964301624998969320e-01
2.336683417085427372e+00 9.466463009176295795e-01
2.412060301507537918e+00 9.192909974749691182e-01
4.547738693467336724e+00 1.433087757082381411e-02
3.341708542713567986e+00 5.675677498324307457e-01
4.698492462311557816e+00 0.000000000000000000e+00
4.371859296482412560e+00 4.846854674417316183e-02
3.668341708542713686e+00 3.706052664971475341e-01
3.115577889447236348e+00 6.890248513126215890e-01
1.708542713567839266e+00 9.934525481297498128e-01
4.522613065326633652e+00 1.597630749336766479e-02
4.120603015075377407e+00 1.451679160458833606e-01
1.231155778894472475e+00 9.799896936630012600e-01
4.472361809045226622e+00 3.195403920936553538e-02
4.396984924623115631e+00 4.356579547591645646e-02
1.683417085427135751e+00 9.850303212662389063e-01
4.346733668341708601e+00 6.269765563455044488e-02
7.286432160804020564e-01 9.196653366753140268e-01
1.984924623115577935e+00 9.673844351975230405e-01
2.361809045226130888e+00 9.282526619776947374e-01
1.281407035175879505e+00 9.823401317515758624e-01
2.914572864321608225e+00 7.677138084158692255e-01
2.311557788944723857e+00 9.323931950696401350e-01
2.864321608040201195e+00 7.884421725499909384e-01
1.758793969849246352e-01 7.371627864501297811e-01
3.517587939698492594e+00 4.617758624496563491e-01
2.562814070351759010e+00 8.767078005730641888e-01
2.663316582914573072e+00 8.496787598265155284e-01
8.040201005025126024e-01 9.201766987716761825e-01
4.070351758793970376e+00 1.689073164749831102e-01
1.582914572864321689e+00 9.826578585653275022e-01
4.447236180904522662e+00 3.687840981130947882e-02
1.306532663316583021e+00 9.897109129703924868e-01
2.713567839195980103e+00 8.509100723312833514e-01
4.095477386934673447e+00 1.585960781183232970e-01
3.190954773869346894e+00 6.455030089748892141e-01
7.788944723618090871e-01 9.313888428881815784e-01
1.909547738693467389e+00 9.875578215852680586e-01
3.241206030150753925e+00 6.132430612608171794e-01
1.256281407035176045e-01 7.131717709394360671e-01
2.512562814070352091e-01 7.795057420917012037e-01
2.286432160804020342e+00 9.409575022904069774e-01
4.673366834170854744e+00 1.926122292111613274e-02
1.256281407035175990e+00 9.864062466064323909e-01
3.291457286432160956e+00 5.821357733061426343e-01
3.869346733668341809e+00 2.673709998812322519e-01
4.145728643216080478e+00 1.224000417765057913e-01
2.135678391959799249e+00 9.705218257209889954e-01
2.964824120603015256e+00 7.609661686400206460e-01
4.020100502512563012e-01 8.301126573336987668e-01
4.321608040201005529e+00 7.176823103862904618e-02
2.587939698492462526e+00 8.802060514713770933e-01
1.432160804020100597e+00 9.927453663040142207e-01
1.633165829145728720e+00 1.000000000000000000e+00
4.170854271356784437e+00 1.081722057698698697e-01
1.733668341708542782e+00 9.864717000296859828e-01
4.773869346733668473e-01 8.562056629994446721e-01
5.276381909547739335e-01 8.614169140749040610e-01
1.457286432160804113e+00 9.859225502980313305e-01
3.492462311557789079e+00 4.747967815553907345e-01
8.793969849246231485e-01 9.572162567935961208e-01
2.035175879396985188e+00 9.717097799498563004e-01
4.246231155778894539e+00 1.010268618029227794e-01
2.085427135678392219e+00 9.748483498697265714e-01
3.517587939698492705e-01 8.114319201906644574e-01
3.969849246231155870e+00 2.079026961845790167e-01
1.658291457286432236e+00 9.913970522819890441e-01
4.221105527638191468e+00 1.140110235490322671e-01
3.693467336683417201e+00 3.575857206771912988e-01
4.572864321608040683e+00 2.917729256275776797e-02
1.608040201005025205e+00 9.950557372290005365e-01
1.130653266331658413e+00 9.911965548109824553e-01
3.391959798994975017e+00 5.405156291410957436e-01
4.271356783919598499e+00 8.450135511870275618e-02
2.261306532663316660e-01 7.605064399875729464e-01
1.959798994974874420e+00 9.776108094031227269e-01
3.040201005025125802e+00 7.241824174629355459e-01
1.758793969849246297e+00 9.887106762901813894e-01
2.638190954773869557e+00 8.650491155930810638e-01
4.748743718592964846e+00 2.062448193417995221e-02
3.316582914572864471e+00 5.751381140724491914e-01
1.557788944723618174e+00 9.897502536138146345e-01
3.266331658291457551e-01 7.984486178181113836e-01
4.798994974874371877e+00 1.756949050002872340e-02
1.356783919597990051e+00 9.832975767430518488e-01
2.939698492462311741e+00 7.543663187395808212e-01
4.020100502512563345e+00 1.968295724181291229e-01
1.507537688442211143e+00 9.942167199596316784e-01
2.487437185929648464e+00 9.060180508398084642e-01
4.045226130653266416e+00 1.812723827622872708e-01
3.467336683417085563e+00 4.959770102414428061e-01
3.015075376884422287e+00 7.198790852594609824e-01
1.884422110552763874e+00 9.799883312165734717e-01
4.195979899497487509e+00 1.199504587385374632e-01
0.000000000000000000e+00 6.676823272778606988e-01
3.743718592964824232e+00 3.329787773593052003e-01
2.738693467336683618e+00 8.284864151511063257e-01
9.547738693467336946e-01 9.680386074529613305e-01
1.080402010050251382e+00 9.785731449580977737e-01
1.859296482412060358e+00 9.847204225964564239e-01
2.462311557788944949e+00 8.983271628348918902e-01
